|201612010153499|
|201612010128885|
|201612010107899|
|201612010116241|
|201612010139012|
|201612010115019|
|201612010156555|
|201612010135569|
|201612010123987|
|201612010155829|
|201612010135950|
|201612010101499|
|201612010139515|
|201612010115080|
|201612010140515|
|201612010156942|
|201612010134000|
|201612010150651|
|201612010159617|
|201612010104719|
|201612010119146|
|201612010141089|
|201612010158569|
|201612010104109|
|201612010121534|
|201612010155780|
|201612010159843|
|201612010104943|
|201612010118308|
|201612010143419|
|201612010104170|
|201612010117590|
|201612010157569|
|201612010108348|
|201612010122154|
|201612010137195|
|201612010147158|
|201612010101663|
|201612010136351|
|201612010113744|
|201612010124437|
|201612010142752|
|201612010117031|
|201612010123881|
|201612010123999|
|201612010117483|
|201612010134574|
|201612010135466|
|201612010159622|
|201612010154835|
|201612010115867|
|201612010129115|
|201612010117985|
|201612010141258|
|201612010160465|
|201612010110966|
|201612010140864|
|201612010141304|
|201612010136131|
|201612010145159|
|201612010159190|
|201612010161242|
|201612010125441|
|201612010125280|
|201612010108352|
|201612010123824|
|201612010151607|
|201612010152336|
|201612010114302|
|201612010161409|
|201612010143761|
|201612010161581|
|201612010108356|
|201612010154454|
|201612010156689|
|201612010124108|
|201612010125171|
|201612010152227|
|201612010103793|
|201612010104233|
|201612010154347|
|201612010143818|
|201612010161520|
|201612010154844|
|201612010105128|
|201612010119277|
|201612010101729|
|201612010104078|
|201612010142202|
|201612010112918|
|201612010113530|
|201612010150836|
|201612010108636|
|201612010148831|
|201612010140920|
|201612010102680|
|201612010107630|
|201612010142209|
|201612010146107|
|201612010121891|
|201612010135258|
|201612010155356|
|201612010157471|
|201612010124612|
|201612010127736|
|201612010147221|
|201612010155197|
|201612010105085|
|201612010135802|
|201612010156746|
|201612010111531|
|201612010112422|
|201612010137425|
|201612010104856|
|201612010110480|
|201612010149794|
|201612010107863|
|201612010141389|
|201612010113200|
|201612010118395|
|201612010106363|
|201612010127351|
|201612010138818|
|201612010104906|
|201612010105635|
|201612010127019|
|201612010142167|
|201612010142211|
|201612010133592|
|201612010142664|
|201612010108032|
|201612010152016|
|201612010115162|
|201612010138999|
|201612010153132|
|201612010140165|
|201612010140327|
|201612010140778|
|201612010121617|
|201612010159760|
|201612010105256|
|201612010105751|
|201612010111205|
|201612010140050|
|201612010122844|
|201612010125968|
|201612010152247|
|201612010109652|
|201612010144725|
|201612010122685|
|201612010159316|
|201612010138052|
|201612010135704|
|201612010154253|
|201612010160319|
|201612010117561|
|201612010110046|
|201612010126139|
|201612010142222|
|201612010108655|
|201612010118500|
|201612010134990|
|201612010137825|
|201612010104481|
|201612010101521|
|201612010110549|
|201612010108382|
|201612010137669|
|201612010099456|
|201612010124583|
|201612010160547|
|201612010118348|
|201612010123858|
|201612010141723|
|201612010144730|
|201612010151976|
|201612010134273|
|201612010135777|
|201612010152094|
|201612010107545|
|201612010122403|
|201612010123583|
|201612010139721|
|201612010139227|
|201612010123749|
|201612010138178|
|201612010153037|
|201612010115500|
|201612010160827|
|201612010119969|
|201612010156382|
|201612010116189|
|201612010115181|
|201612010125144|
|201612010111287|
|201612010130204|
|201612010107823|
|201612010158666|
|201612010120244|
|201612010159440|
|201612010158102|
|201612010147367|
|201612010159896|
|201612010161172|
|201612010135785|
|201612010138953|
|201612010121970|
|201612010132664|
|201612010154995|
|201612010160286|
|201612010137003|
|201612010151539|
|201612010133108|
|201612010154547|
|201612010147258|
|201612010106390|
|201612010131824|
|201612010145478|
+---------------+
